127 504 25
127 145 5
127 131 8
127 494 6
127 189 3
127 505 3
127 503 9.5
127 146 3
127 493 4
71 82 3
959 1013 10
959 994 5
358 359 2
560 566 5
560 631 3
767 1010 4
580 1010 10
580 1009 2
805 815 3
805 816 2
512 1010 4
194 503 4
517 580 4
517 522 3
517 578 4
517 1010 6
517 523 3
517 521 3
454 507 5
634 1010 5
634 636 3
634 637 6
634 1009 3
31 503 2
578 1010 7
578 1009 2
695 1010 3
695 1009 6
29 504 6
29 503 4
675 744 2
675 738 2
226 504 5
58 504 4.5
58 60 3
153 504 7
15 504 5
76 504 4
571 590 2
129 504 6
129 503 3
129 131 5
917 1013 2
548 553 4
548 555 3
548 549 2
495 504 8
966 1013 9
966 994 2
966 976 2
992 1010 3
662 1010 6
662 669 3
662 1008 3
662 1009 4
706 1008 4
706 1009 6
218 504 3
14 504 12
14 35 2
14 73 2
14 503 3
145 504 21
145 487 3
145 159 6
145 488 3
145 158 3
49 504 5
124 127 7
124 504 5
124 126 3
124 503 3
124 128 4
993 1010 3
993 1008 3
627 628 2
486 503 2
486 504 6
486 502 4
509 514 2
509 1010 2
1015 1015 2
976 1013 3
367 390 2
8 504 3
98 102 5
98 103 6
1000 1013 3
1000 1014 2
778 826 4
523 534 2
523 1010 14
523 545 3
523 1009 4
193 504 4
193 503 2
460 490 2
460 507 8
723 1008 6
723 1010 12
723 757 4
180 504 5
180 503 16
180 506 3
637 1010 8
637 657 3
637 641 3
637 1009 6
410 507 2
999 1013 3
999 1014 2
690 1010 11.5
690 1009 5
488 494 2
488 504 4
61 70 4
1012 1013 6
1012 1015 4
430 433 3
430 454 3
430 452 2
430 436 2
901 959 3
901 1013 2
901 938 3
113 117 3
189 503 6
452 507 3
480 498 2
341 358 3
341 359 4
107 127 3
107 110 5
107 503 1
107 111 5
87 90 3
87 89 2
77 504 6
417 508 4
417 498 4
12 16 2
12 504 9
12 35 2
12 36 3
312 359 3
507 508 3
507 1015 2
507 507 13
573 1010 6
573 1009 3
1002 1010 2
237 504 6
370 396 2
370 390 2
567 578 5
567 573 5
506 1015 4
506 507 7
116 119 2
144 504 12
144 159 8
144 505 4
144 503 4
144 205 3
144 493 2
100 102 2
965 1013 12
661 1011 3
661 769 2
661 1010 20
661 992 6
661 669 5
661 996 5
661 1008 5
661 1009 3
120 172 3
254 504 5
254 284 6
254 502 3
254 256 5
254 255 5
254 507 6
254 503 3
496 504 5
607 609 2
607 613 4
607 612 4.5
607 615 3
607 616 6
607 614 4
607 703 4
607 608 3
205 210 2
644 685 3
644 684 3
927 947 3
235 504 10
235 249 3
235 254 3
301 455 2
301 507 6
301 490 4
694 1009 12
213 504 5
94 504 4
94 129 3
94 98 3
94 103 2
94 503 6
816 965 4
51 504 17
51 494 3
51 505 4
51 503 5
568 578 4
568 573 3
652 655 3
791 852 3
791 841 2
791 838 2
493 504 3
796 852 4
796 806 3
796 837 3
796 866 2
27 77 2
27 76 2
582 1010 4
919 1014 2
534 580 3
534 582 2
534 1010 10
534 1009 4
534 583 2
744 746 2
744 755 2
888 892 2
633 1010 10
633 637 6
633 641 7
633 1009 5
633 661 5
633 997 3
1011 1013 3
1011 1014 2
1011 1012 2
151 504 15
151 493 4
557 676 2
468 507 2
700 1009 5
78 504 4
78 81 4
990 1008 2
413 507 3
672 676 3
769 1008 5
769 991 9
769 1010 10
275 316 2
275 315 3
275 326 4
751 758 3
751 770 7
606 612 3
606 616 3
60 504 6
60 73 3
60 63 5
60 66 5
60 70 6
691 1009 16
691 695 2
691 1010 6
691 694 2
666 676 3
666 1010 9
666 1009 2
666 669 2
666 997 2
911 1013 3
427 436 2
677 684 2
708 1008 3
82 90 2
82 504 3
82 93 3
82 87 6
82 94 4
650 1010 6
650 685 4
650 661 6
590 601 2
590 1010 2
590 594 4
590 602 4
590 591 2
590 603 2
112 127 7
112 504 3
545 546 3
545 580 5
545 578 7
545 1010 2
545 573 4
191 503 7
187 503 4
79 81 3
1006 1010 6
1006 1014 3
126 504 6
996 1010 3
369 397 3
369 396 3
369 390 3
651 767 5
651 1011 5
651 1010 22
651 771 7
651 662 12
651 686 5
651 685 3
651 1008 9
651 731 4
651 1009 7
651 654 4
651 661 10
651 687 6
651 703 3
176 258 2
629 634 3
629 1010 6
629 632 6.5
629 631 5
629 1009 6
498 499 2
498 507 5
498 508 4
947 950 3
256 275 2
256 327 6
256 326 4.5
256 270 2
256 269 2
33 503 2
920 1014 3
660 1010 6
7 504 8
99 102 4
99 110 3
99 104 5
99 103 5
99 111 4
566 1004 2
566 1010 5
566 629 3
566 602 6
566 573 4
566 567 2
566 1009 5
566 603 5
72 81 3
500 508 8
500 504 6
255 504 11.5
255 327 5
255 486 4
533 580 2
533 584 3
533 1010 3
533 583 3
359 396 3
359 385 4
359 369 2
359 390 3
182 504 4
182 503 12
182 1009 3
108 114 4
108 110 2
108 111 2
1001 1010 3
1001 1014 5
1014 1014 2
815 816 2
632 1011 3
632 697 3.5
632 695 3
632 1010 27
632 1003 3
632 637 11
632 1009 16
991 1010 4
991 1008 3
360 390 2
692 1010 6
692 1009 4
610 616 3
514 1010 10
513 1010 10
513 1012 2
513 1009 5
50 504 6
50 503 4
50 94 4
510 1010 2
274 316 2
549 553 2
645 684 3
709 770 3
128 504 10
128 131 6
128 494 4
128 503 4
1005 1010 5
28 504 11
28 78 3
28 73 3
28 77 4
28 503 4
589 601 3
589 592 2
589 590 2
589 594 2
192 504 5
192 505 2
192 503 4
250 504 2.5
250 503 4
250 253 2
303 397 3
303 507 10
303 490 16
614 697 2
614 1010 3
614 632 7
614 1009 5
699 1009 5
699 703 2
699 1010 4
501 508 4
501 504 12
687 767 2
490 502 5
490 508 2
490 507 7.5
490 504 2
155 504 29
155 502 5
155 159 5
155 505 5
155 503 3
155 250 9
53 57 5
53 504 4
53 58 3
53 60 2
53 63 5
53 503 3
53 94 4
583 1010 4
583 585 2
757 1010 3
757 991 4
809 816 3
9 504 2
425 440 2
425 452 2
425 444 3
591 601 5
591 594 4
591 602 4
591 607 3
591 597 2
591 603 3
745 755 2
539 1009 2
781 825 4
603 695 3
603 1010 4
603 632 6
603 1009 8
603 607 3
90 95 3
90 93 7
90 98 2
90 99 2
90 103 4
90 503 2
90 94 5
276 311 2
276 312 2
276 315 2
565 566 2
850 866 3
850 859 3
1004 1009 2
1004 1010 4
937 958 2
16 504 16
16 35 2
16 81 3
16 73 2
16 41 3
16 503 4
16 28 2
1013 1013 16
1013 1014 4
1013 1015 2
57 504 5
57 129 2
57 503 4
872 895 3
316 326 3
163 165 3
163 172 2
163 177 2
994 1013 9
994 1008 2
994 1014 2
89 95 2
89 93 3
584 585 2
849 858 2
35 504 3
35 73 6
35 63 3
35 66 4
35 70 5
11 504 7
11 503 3
492 504 2
511 1010 3
511 1009 2
665 1010 3
199 503 4
689 1010 10
689 1009 15
73 504 17
73 81 2
73 503 3
648 1008 4
648 1010 5
198 504 4
198 502 4
198 503 3
198 250 4
489 504 3
585 586 3
585 587 3
585 1010 3
585 589 2
585 590 2
913 1013 2
957 1013 5
202 507 4
249 255 5
184 503 13
184 1009 2
776 826 4
894 895 2
131 504 7
131 159 4
131 503 5
181 503 6
181 504 11
502 503 19
502 506 5
502 1009 3
502 1008 25
502 504 17
502 502 14
502 505 7
502 508 5
502 1015 35
502 507 53
314 507 3
801 805 3
801 806 3
801 816 4
971 1013 3
154 161 3
154 504 14
355 364 2
355 356 2
355 357 3
159 504 42
159 178 3
159 502 4
159 176 5
159 162 5
159 179 6
159 255 6
159 505 8
159 258 5
159 503 8
159 192 2
553 1004 2
553 1010 6
704 767 2
704 1008 4
704 1009 2
1003 1010 3
619 625 3
619 627 5
619 626 4
37 38 3
270 315 2
270 326 4
195 503 3
698 1009 11
538 1010 6
538 1009 6
831 832 2
552 1010 7
552 1009 4
521 546 3
521 522 2
521 578 2
521 1010 7
521 545 6
521 523 2
521 541 2
521 576 2
598 604 3
598 612 3
598 606 2
162 504 5
162 178 5
162 179 3
162 177 2
780 827 3
780 825 3
780 826 3
433 507 5
647 684 4
647 650 3
647 651 4
647 686 4
647 685 5
647 683 2
786 816 3
786 832 2
440 445 3
440 507 2
740 744 2
1008 1013 56
1008 1012 5
1008 1008 18
1008 1015 49
1008 1009 25
1008 1010 21
1008 1011 11
1008 1014 6
299 308 2
103 503 4
103 111 2
922 1014 2
602 1010 4
602 1009 5
871 895 2
423 440 3
827 833 2
827 836 2
827 832 2
91 102 2
91 95 2
701 1009 4
467 507 3
867 895 3
731 1010 5
731 1008 3
731 1009 3
731 757 3
41 73 6
41 70 4
668 1010 4
52 504 4
52 131 4
750 770 4
688 1009 12
688 1012 2
688 1010 2
302 507 4
657 1011 4
657 1010 30
657 662 5
657 996 4
657 1008 4
657 1009 6
657 661 3
657 997 4
866 867 2
866 875 2
866 876 3
866 895 3
693 1009 9
693 1010 3
503 1008 6
503 1012 3
503 504 64
503 505 54
503 508 5
503 688 2
503 507 17
503 503 12
503 506 2
503 1009 156
503 694 3
503 1015 2
770 785 3
770 1010 5
770 786 4
770 827 3
770 991 10
770 965 3
770 826 6
770 832 3
68 73 3
68 70 2
188 503 9
315 326 2
641 1010 10
641 662 6
641 668 4
641 1009 6
576 580 3
576 578 4
738 1010 9
738 997 2
870 892 4
870 901 4
83 87 2
83 93 2
305 359 2
623 633 6
623 1010 3
623 632 7
623 1009 4
755 1009 5
755 992 2
158 504 9
269 327 4.5
269 326 4
46 504 2
46 49 3
46 51 2
562 1010 7
562 566 7
562 573 2
562 567 4
562 1009 4
997 1010 3
36 73 3
183 504 6
183 503 4
497 508 3
497 504 4
518 521 2
608 609 2
608 1010 3
608 624 3
608 625 3
608 623 3
608 626 5
711 713 2
711 1013 3
711 1008 3
711 712 2
132 504 2
132 138 2
132 144 3
411 507 2
836 1013 3
546 551 2
546 578 3
546 1010 2
546 552 2
546 566 2
546 550 3
546 573 4
546 549 3.5
546 562 3
785 827 2
785 832 2
522 1010 4
522 545 3
522 576 2
44 46 3
587 590 4
609 622 4
609 615 5
609 616 5
609 614 3
609 623 4
1007 1010 7
1007 1014 6
190 503 4
190 504 3
95 98 4.5
923 1013 3
923 1014 4
923 1000 3
313 507 3
779 826 4
504 505 8
504 506 2
504 508 4
504 507 4
504 504 11
697 1010 4
697 1009 12
697 703 5
1010 1013 10
1010 1011 4
1010 1010 27
1010 1014 10
1010 1012 2
707 1009 3
106 110 3
65 82 3
203 507 4
908 1013 2
81 84 3
81 504 3
81 87 2
792 849 2
284 301 3
204 313 2
204 507 2
165 172 4
165 178 6
771 826 4
2 504 2
808 1013 7
808 994 7
808 901 3
808 965 4
186 503 5
147 151 3
147 504 4
147 503 3
147 159 9
228 504 5
268 329 3
268 327 4
268 326 4
345 355 3
345 357 2
596 601 2
596 604 2
223 504 12
404 498 2
516 1010 3
282 344 3
282 283 2
669 1011 3
669 1010 14
669 731 3
669 1009 4
121 127 8
121 504 6
121 126 3
121 503 3
344 349 2
344 357 2
487 494 3
487 504 7
494 504 3
873 895 2
253 504 3
561 1010 4
561 566 5
561 1009 3
117 119 5
117 120 6
852 867 4
852 866 5
852 895 2
63 504 5
63 73 2
63 503 3
63 70 2
455 490 4
455 467 2
455 473 2
455 507 10
179 231 2
179 258 4
179 229 3
179 250 3
696 1009 12
713 836 3
713 1013 2
676 738 4
938 959 4
505 505 4
505 506 2
505 507 11
505 508 3
837 1013 2
837 867 3
592 601 3
592 602 2
592 596 2
592 594 2
304 385 3
304 359 3
304 507 2
304 308 2
712 836 2
712 1013 5
712 1008 3
712 827 2
499 507 4
499 508 7
499 504 3
66 504 6
66 82 3
66 503 3
70 504 9
70 503 3
166 172 3
1009 1013 7
1009 1011 48
1009 1010 54
1009 1009 12
1009 1012 2
141 504 6
141 147 2
141 145 3
141 503 3
141 144 2
141 146 4
909 1013 2
654 1011 6
654 1010 20
654 992 4
654 1008 12
654 731 2
654 1009 3
654 661 2
654 757 4
403 507 2
283 311 2
618 626 3
848 857 2
848 860 2
848 858 2
655 1010 7
421 440 3
271 326 4
703 1008 6
703 1011 3
703 1010 6
703 1009 4
491 507 3
13 35 3
13 73 2
13 41 2
13 40 2
13 36 2
473 507 4
185 503 4
3 504 4
597 609 2
597 601 5
597 604 4
597 602 6
597 607 3
597 603 3
111 127 10
111 504 3
111 159 2
111 503 4
111 128 3
146 151 2
146 504 7
146 159 11
356 357 2
4 16 3
4 504 8
4 73 5
4 14 2
4 12 2
4 70 3.5
4 13 2
164 178 4
807 1013 5
196 503 4
